[49m                                        [38;2;0;0;0;49m▄[49m                                       [m
[49m                                       [48;2;0;0;0m [48;2;255;242;0m [48;2;0;0;0m [49m                                      [m
[49m                                      [48;2;0;0;0m [38;2;255;249;189;48;2;255;242;0m▄[48;2;255;242;0m  [48;2;0;0;0m [49m                                     [m
[49m                       [38;2;0;0;0;49m▄[38;2;255;242;0;48;2;0;0;0m▄[38;2;0;0;0;49m▄[49m      [38;2;0;0;0;49m▄[38;2;255;242;0;48;2;0;0;0m▄▄▄▄[38;2;255;249;189;48;2;0;0;0m▄[38;2;255;242;0;48;2;255;249;189m▄▄[48;2;255;242;0m   [38;2;255;242;0;48;2;0;0;0m▄▄▄▄▄[38;2;0;0;0;49m▄[49m      [38;2;0;0;0;49m▄[38;2;255;242;0;48;2;0;0;0m▄[38;2;0;0;0;49m▄[49m                      [m
[49m                      [38;2;0;0;0;49m▄[38;2;255;242;0;48;2;0;0;0m▄[48;2;255;242;0m [38;2;255;242;0;48;2;0;0;0m▄[38;2;0;0;0;49m▄[49m      [49;38;2;0;0;0m▀[38;2;0;0;0;48;2;255;242;0m▄[48;2;255;242;0m           [38;2;0;0;0;48;2;255;242;0m▄[49;38;2;0;0;0m▀[49m      [38;2;0;0;0;49m▄[38;2;255;242;0;48;2;0;0;0m▄[48;2;255;242;0m [38;2;255;242;0;48;2;0;0;0m▄[38;2;0;0;0;49m▄[49m                     [m
[49m                 [38;2;0;0;0;49m▄▄▄▄▄[38;2;255;249;189;48;2;0;0;0m▄[48;2;255;249;189m [48;2;255;242;0m  [38;2;255;242;0;48;2;0;0;0m▄[38;2;0;0;0;49m▄▄▄▄▄[49m   [49;38;2;0;0;0m▀[38;2;0;0;0;48;2;255;242;0m▄[48;2;255;242;0m     [38;2;194;182;21;48;2;255;242;0m▄▄[38;2;0;0;0;48;2;194;182;21m▄[49;38;2;0;0;0m▀[49m   [38;2;0;0;0;49m▄▄▄▄▄[38;2;255;249;189;48;2;0;0;0m▄[48;2;255;249;189m [48;2;255;242;0m  [38;2;255;242;0;48;2;0;0;0m▄[38;2;0;0;0;49m▄▄▄▄▄[49m                [m
[49m                [49;38;2;0;0;0m▀[38;2;0;0;0;48;2;255;242;0m▄[48;2;255;242;0m   [38;2;255;242;0;48;2;255;249;189m▄[48;2;255;242;0m         [38;2;0;0;0;48;2;255;242;0m▄[38;2;168;40;35;48;2;0;0;0m▄[38;2;168;40;35;49m▄▄[38;2;0;0;0;49m▄[38;2;255;242;0;48;2;0;0;0m▄[48;2;255;242;0m  [38;2;0;0;0;48;2;255;242;0m▄[38;2;209;94;23;48;2;0;0;0m▄[38;2;0;0;0;48;2;194;182;21m▄[48;2;194;182;21m  [38;2;194;182;21;48;2;0;0;0m▄[38;2;0;0;0;49m▄[38;2;168;40;35;49m▄▄[38;2;168;40;35;48;2;0;0;0m▄[38;2;0;0;0;48;2;255;242;0m▄[48;2;255;242;0m   [38;2;255;242;0;48;2;255;249;189m▄[48;2;255;242;0m         [38;2;0;0;0;48;2;255;242;0m▄[49;38;2;0;0;0m▀[49m               [m
[49m                  [49;38;2;0;0;0m▀[38;2;0;0;0;48;2;255;242;0m▄[48;2;255;242;0m        [38;2;194;182;21;48;2;255;242;0m▄[38;2;0;0;0;48;2;255;242;0m▄[38;2;237;28;36;48;2;0;0;0m▄[48;2;237;28;36m   [38;2;0;0;0;48;2;237;28;36m▄[38;2;255;242;0;48;2;0;0;0m▄[48;2;255;242;0m [38;2;0;0;0;48;2;255;242;0m▄[38;2;237;28;36;48;2;0;0;0m▄[48;2;237;28;36m   [38;2;237;28;36;48;2;0;0;0m▄[38;2;0;0;0;48;2;194;182;21m▄[48;2;194;182;21m [38;2;194;182;21;48;2;0;0;0m▄[38;2;0;0;0;48;2;237;28;36m▄[48;2;237;28;36m   [38;2;237;28;36;48;2;0;0;0m▄[38;2;0;0;0;48;2;255;242;0m▄[48;2;255;242;0m        [38;2;194;182;21;48;2;255;242;0m▄[38;2;0;0;0;48;2;255;242;0m▄[49;38;2;0;0;0m▀[49m                 [m
[49m               [38;2;168;40;35;49m▄▄[38;2;237;28;36;48;2;168;40;35m▄▄[48;2;237;28;36m [48;2;0;0;0m [48;2;255;242;0m   [38;2;0;0;0;48;2;255;242;0m▄[38;2;194;182;21;48;2;255;242;0m▄[48;2;194;182;21m  [48;2;0;0;0m [48;2;237;28;36m     [38;2;237;28;36;48;2;0;0;0m▄▄▄[48;2;237;28;36m       [38;2;237;28;36;48;2;0;0;0m▄▄▄[48;2;237;28;36m     [48;2;0;0;0m [48;2;255;242;0m   [38;2;0;0;0;48;2;255;242;0m▄[38;2;194;182;21;48;2;255;242;0m▄[48;2;194;182;21m  [48;2;0;0;0m [48;2;237;28;36m [38;2;237;28;36;48;2;168;40;35m▄▄[38;2;168;40;35;49m▄▄[49m              [m
[49m              [49;38;2;168;40;35m▀[38;2;168;40;35;48;2;237;28;36m▄[48;2;237;28;36m   [48;2;0;0;0m [48;2;255;242;0m  [38;2;0;0;0;48;2;255;242;0m▄[38;2;237;28;36;48;2;0;0;0m▄[48;2;237;28;36m [38;2;237;28;36;48;2;0;0;0m▄[38;2;0;0;0;48;2;194;182;21m▄[48;2;194;182;21m  [48;2;0;0;0m [48;2;237;28;36m                     [48;2;0;0;0m [48;2;255;242;0m  [38;2;0;0;0;48;2;255;242;0m▄[38;2;237;28;36;48;2;0;0;0m▄[48;2;237;28;36m [38;2;237;28;36;48;2;0;0;0m▄[38;2;0;0;0;48;2;194;182;21m▄[48;2;194;182;21m  [48;2;0;0;0m [48;2;237;28;36m   [38;2;168;40;35;48;2;237;28;36m▄[49;38;2;168;40;35m▀[49m             [m
[49m               [49;38;2;168;40;35m▀[38;2;168;40;35;48;2;237;28;36m▄[48;2;237;28;36m [48;2;0;0;0m [38;2;0;0;0;48;2;255;242;0m▄▄[38;2;237;28;36;48;2;0;0;0m▄[48;2;237;28;36m     [38;2;237;28;36;48;2;0;0;0m▄[38;2;0;0;0;48;2;194;182;21m▄▄[48;2;0;0;0m [48;2;237;28;36m                   [48;2;0;0;0m [38;2;0;0;0;48;2;255;242;0m▄▄[38;2;237;28;36;48;2;0;0;0m▄[48;2;237;28;36m     [38;2;237;28;36;48;2;0;0;0m▄[38;2;0;0;0;48;2;194;182;21m▄▄[48;2;0;0;0m [48;2;237;28;36m [38;2;168;40;35;48;2;237;28;36m▄[49;38;2;168;40;35m▀[49m              [m
[49m              [38;2;135;14;8;49m▄▄[38;2;199;20;29;48;2;168;40;35m▄[38;2;168;40;35;48;2;237;28;36m▄[48;2;237;28;36m                                             [38;2;168;40;35;48;2;237;28;36m▄[38;2;199;20;29;48;2;168;40;35m▄[38;2;135;14;8;49m▄▄[49m             [m
[49m          [38;2;135;14;8;49m▄▄[38;2;199;20;29;48;2;135;14;8m▄▄[48;2;199;20;29m   [38;2;199;20;29;48;2;168;40;35m▄[38;2;168;40;35;48;2;237;28;36m▄[48;2;237;28;36m    [38;2;168;40;35;48;2;237;28;36m▄▄▄▄▄▄▄[38;2;250;250;250;48;2;168;40;35m▄[38;2;0;0;0;48;2;168;40;35m▄[38;2;213;0;0;48;2;168;40;35m▄▄▄▄▄▄▄▄▄▄▄▄▄▄▄▄▄[38;2;0;0;0;48;2;168;40;35m▄[38;2;189;189;189;48;2;168;40;35m▄[38;2;168;40;35;48;2;237;28;36m▄▄▄▄▄▄▄[48;2;237;28;36m    [38;2;168;40;35;48;2;237;28;36m▄[38;2;199;20;29;48;2;168;40;35m▄[48;2;199;20;29m   [38;2;199;20;29;48;2;135;14;8m▄▄[38;2;135;14;8;49m▄▄[49m         [m
[49m      [38;2;135;14;8;49m▄▄[38;2;199;20;29;48;2;135;14;8m▄▄[48;2;199;20;29m         [38;2;199;20;29;48;2;168;40;35m▄▄[48;2;168;40;35m  [38;2;168;40;35;48;2;107;4;11m▄[48;2;107;4;11m  [49;38;2;107;4;11m▀[49m  [48;2;0;0;0m [48;2;250;250;250m  [38;2;250;250;250;48;2;0;0;0m▄[38;2;0;0;0;48;2;213;0;0m▄▄▄[48;2;213;0;0m  [38;2;0;0;0;48;2;213;0;0m▄[38;2;239;154;154;48;2;0;0;0m▄▄▄[38;2;0;0;0;48;2;213;0;0m▄[48;2;213;0;0m  [38;2;0;0;0;48;2;213;0;0m▄▄▄[38;2;189;189;189;48;2;0;0;0m▄[48;2;189;189;189m  [48;2;0;0;0m [49m  [49;38;2;107;4;11m▀[48;2;107;4;11m  [38;2;168;40;35;48;2;107;4;11m▄[48;2;168;40;35m  [38;2;199;20;29;48;2;168;40;35m▄▄[48;2;199;20;29m         [38;2;199;20;29;48;2;135;14;8m▄▄[38;2;135;14;8;49m▄▄[49m     [m
[49m  [38;2;135;14;8;49m▄▄[48;2;135;14;8m  [38;2;135;14;8;48;2;199;20;29m▄▄▄▄▄▄[48;2;199;20;29m        [38;2;135;14;8;48;2;199;20;29m▄▄▄[38;2;135;14;8;48;2;168;40;35m▄▄[48;2;168;40;35m [38;2;168;40;35;48;2;107;4;11m▄[49m   [48;2;0;0;0m [48;2;250;250;250m     [38;2;250;250;250;48;2;0;0;0m▄▄[48;2;0;0;0m [48;2;239;154;154m [38;2;239;154;154;48;2;229;115;115m▄[48;2;239;154;154m [48;2;0;0;0m [38;2;250;250;250;48;2;0;0;0m▄▄[48;2;250;250;250m  [38;2;189;189;189;48;2;250;250;250m▄[48;2;189;189;189m  [48;2;0;0;0m [49m   [38;2;168;40;35;48;2;107;4;11m▄[48;2;168;40;35m [38;2;135;14;8;48;2;168;40;35m▄▄[38;2;135;14;8;48;2;199;20;29m▄▄▄[48;2;199;20;29m        [38;2;135;14;8;48;2;199;20;29m▄▄▄▄▄▄[48;2;135;14;8m  [38;2;135;14;8;49m▄▄[49m [m
[49m          [38;2;135;14;8;49m▄[38;2;199;20;29;48;2;135;14;8m▄[48;2;199;20;29m    [38;2;135;14;8;48;2;199;20;29m▄▄[49;38;2;135;14;8m▀▀[49m           [48;2;0;0;0m [38;2;189;189;189;48;2;250;250;250m▄▄[48;2;250;250;250m     [38;2;250;250;250;48;2;0;0;0m▄▄▄[48;2;250;250;250m    [48;2;189;189;189m   [48;2;0;0;0m [49m           [49;38;2;135;14;8m▀▀[38;2;135;14;8;48;2;199;20;29m▄▄[48;2;199;20;29m    [38;2;199;20;29;48;2;135;14;8m▄[38;2;135;14;8;49m▄[49m         [m
[49m        [38;2;135;14;8;49m▄[38;2;199;20;29;48;2;135;14;8m▄[48;2;199;20;29m  [38;2;135;14;8;48;2;199;20;29m▄▄[49;38;2;135;14;8m▀▀[49m                [49;38;2;0;0;0m▀[38;2;0;0;0;48;2;189;189;189m▄▄[48;2;189;189;189m [38;2;189;189;189;48;2;250;250;250m▄▄▄▄▄▄▄▄[48;2;189;189;189m  [38;2;0;0;0;48;2;189;189;189m▄▄[49;38;2;0;0;0m▀[49m                [49;38;2;135;14;8m▀▀[38;2;135;14;8;48;2;199;20;29m▄▄[48;2;199;20;29m  [38;2;199;20;29;48;2;135;14;8m▄[38;2;135;14;8;49m▄[49m       [m
[49m      [38;2;135;14;8;49m▄[38;2;199;20;29;48;2;135;14;8m▄[38;2;135;14;8;48;2;199;20;29m▄▄[49;38;2;135;14;8m▀▀[49m                       [49;38;2;0;0;0m▀▀[38;2;0;0;0;48;2;189;189;189m▄▄▄▄▄▄▄[49;38;2;0;0;0m▀▀[49m                       [49;38;2;135;14;8m▀▀[38;2;135;14;8;48;2;199;20;29m▄▄[38;2;199;20;29;48;2;135;14;8m▄[38;2;135;14;8;49m▄[49m     [m
[49m      [49;38;2;135;14;8m▀▀[49m                                                                 [49;38;2;135;14;8m▀▀[49m     [m