[49m                                                  [m
[49m                                                  [m
[49m                                                  [m
[49m                                                  [m
[49m                                                  [m
[49m                                                  [m
[49m                                                  [m
[49m                                                  [m
[49m                                                  [m
[49m                    [38;2;0;0;0;49m▄▄[38;2;245;0;0;48;2;0;0;0m▄▄[38;2;213;0;0;48;2;0;0;0m▄▄▄▄▄[38;2;0;0;0;49m▄▄[49m                   [m
[49m                 [38;2;0;0;0;49m▄[38;2;245;0;0;48;2;0;0;0m▄▄[48;2;245;0;0m [38;2;250;250;250;48;2;245;0;0m▄[48;2;245;0;0m  [48;2;213;0;0m       [38;2;213;0;0;48;2;0;0;0m▄▄[38;2;0;0;0;49m▄[49m                [m
[49m                [48;2;0;0;0m [48;2;245;0;0m   [38;2;245;0;0;48;2;250;250;250m▄[48;2;245;0;0m [38;2;213;0;0;48;2;245;0;0m▄[48;2;213;0;0m           [48;2;0;0;0m [49m               [m
[49m         [38;2;254;254;75;49m▄▄▄[38;2;254;236;139;48;2;254;254;75m▄▄▄[48;2;0;0;0m [48;2;245;0;0m   [38;2;213;0;0;48;2;245;0;0m▄▄[48;2;213;0;0m              [48;2;0;0;0m [38;2;254;236;139;48;2;254;240;75m▄▄▄[38;2;254;240;75;49m▄▄▄[49m        [m
[49m      [38;2;254;254;75;49m▄[38;2;254;236;139;48;2;254;254;75m▄▄[48;2;254;236;139m [38;2;254;254;75;48;2;254;236;139m▄▄▄[49;38;2;254;254;75m▀[48;2;0;0;0m [38;2;213;0;0;48;2;245;0;0m▄▄[48;2;213;0;0m       [38;2;0;0;0;48;2;213;0;0m▄▄▄[48;2;213;0;0m        [48;2;161;0;0m [48;2;0;0;0m [49;38;2;254;254;75m▀[38;2;254;254;75;48;2;254;236;139m▄▄▄[48;2;254;236;139m [38;2;254;236;139;48;2;254;240;75m▄▄[38;2;254;240;75;49m▄[49m     [m
[49m     [48;2;254;254;75m [48;2;254;236;139m [38;2;254;254;75;48;2;254;236;139m▄[49;38;2;254;254;75m▀▀[49m    [48;2;0;0;0m [38;2;0;0;0;48;2;213;0;0m▄▄▄▄▄▄▄▄[48;2;0;0;0m [48;2;239;154;154m [38;2;229;115;115;48;2;239;154;154m▄[48;2;239;154;154m [48;2;0;0;0m [38;2;0;0;0;48;2;213;0;0m▄▄▄▄▄▄[38;2;0;0;0;48;2;161;0;0m▄▄[48;2;0;0;0m [49m    [49;38;2;254;254;75m▀▀[38;2;254;254;75;48;2;254;236;139m▄[48;2;254;236;139m [38;2;254;254;75;48;2;254;240;75m▄[49m    [m
[49m     [49;38;2;254;254;75m▀[38;2;254;254;75;48;2;252;252;137m▄[48;2;252;252;137m [38;2;252;252;137;48;2;254;254;75m▄▄▄[38;2;254;254;75;49m▄▄▄[38;2;179;179;0;48;2;0;0;0m▄[38;2;254;254;75;48;2;250;250;250m▄▄[48;2;250;250;250m      [38;2;250;250;250;48;2;0;0;0m▄[38;2;0;0;0;48;2;239;154;154m▄▄▄[38;2;250;250;250;48;2;0;0;0m▄[48;2;250;250;250m     [38;2;189;189;189;48;2;250;250;250m▄[38;2;235;235;56;48;2;189;189;189m▄▄[38;2;179;179;0;48;2;0;0;0m▄[38;2;254;254;75;49m▄▄▄[38;2;252;252;137;48;2;254;254;75m▄▄▄[48;2;252;252;137m [38;2;254;254;75;48;2;252;252;137m▄[49;38;2;254;254;75m▀[49m    [m
[49m       [49;38;2;254;254;75m▀▀[38;2;254;254;75;48;2;252;252;137m▄▄▄▄[48;2;252;252;137m [38;2;252;252;137;48;2;115;114;0m▄[38;2;115;114;0;48;2;252;252;137m▄[48;2;252;252;137m [38;2;252;252;137;48;2;254;254;75m▄▄▄▄▄▄[38;2;254;254;75;48;2;250;250;250m▄▄▄▄▄[38;2;252;252;137;48;2;254;254;75m▄▄▄▄[38;2;219;219;104;48;2;254;254;75m▄[38;2;219;219;104;48;2;235;235;56m▄[48;2;219;219;104m [38;2;115;114;0;48;2;219;219;104m▄[38;2;252;252;137;48;2;115;114;0m▄[48;2;252;252;137m [38;2;254;254;75;48;2;252;252;137m▄▄▄▄[49;38;2;254;254;75m▀▀[49m      [m
[49m             [49;38;2;254;254;75m▀▀[49;38;2;179;179;0m▀[38;2;0;0;0;48;2;254;254;75m▄[38;2;250;250;250;48;2;254;254;75m▄▄▄▄▄[38;2;254;254;75;48;2;252;252;137m▄▄▄▄▄▄▄[38;2;250;250;250;48;2;254;254;75m▄[38;2;189;189;189;48;2;254;254;75m▄[38;2;189;189;189;48;2;235;235;56m▄▄▄[38;2;0;0;0;48;2;235;235;56m▄[49;38;2;179;179;0m▀[49;38;2;254;254;75m▀▀[49m            [m
[49m                [49;38;2;0;0;0m▀[38;2;0;0;0;48;2;250;250;250m▄[48;2;250;250;250m        [38;2;189;189;189;48;2;250;250;250m▄▄[48;2;189;189;189m     [38;2;0;0;0;48;2;189;189;189m▄[49;38;2;0;0;0m▀[49m               [m
[49m                  [49;38;2;0;0;0m▀▀[38;2;0;0;0;48;2;250;250;250m▄▄[48;2;250;250;250m [38;2;189;189;189;48;2;250;250;250m▄[48;2;189;189;189m     [38;2;0;0;0;48;2;189;189;189m▄▄[49;38;2;0;0;0m▀▀[49m                 [m
[49m                      [49;38;2;0;0;0m▀▀▀▀▀▀▀[49m                     [m