[49m                                                  [m
[49m                                                  [m
[49m                                                  [m
[49m                                                  [m
[49m                                                  [m
[49m                                                  [m
[49m                                                  [m
[49m                          [48;2;247;171;196m [38;2;247;171;196;49m▄▄[49m         [38;2;198;236;252;49m▄[49m           [m
[49m                         [49;38;2;247;171;196m▀▀[48;2;247;171;196m [49m        [49;38;2;198;236;252m▀[48;2;198;236;252m  [38;2;198;236;252;49m▄[49m          [m
[49m          [48;2;244;137;173m [38;2;244;137;173;49m▄▄[49m       [38;2;0;0;0;49m▄▄[38;2;245;0;0;48;2;0;0;0m▄▄[38;2;213;0;0;48;2;0;0;0m▄▄▄▄[38;2;187;172;188;48;2;0;0;0m▄[38;2;0;0;0;49m▄▄[38;2;244;137;173;49m▄▄[48;2;244;137;173m [49m   [49;38;2;198;236;252m▀[49m            [m
[49m         [49;38;2;244;137;173m▀▀[48;2;244;137;173m [49m     [38;2;0;0;0;49m▄[38;2;245;0;0;48;2;0;0;0m▄▄[48;2;245;0;0m [38;2;250;250;250;48;2;245;0;0m▄[48;2;245;0;0m  [48;2;213;0;0m   [38;2;187;172;188;48;2;213;0;0m▄[48;2;187;172;188m  [38;2;213;0;0;48;2;187;172;188m▄[38;2;213;0;0;48;2;0;0;0m▄[38;2;232;73;109;48;2;179;73;109m▄[38;2;0;0;0;48;2;244;137;173m▄[49;38;2;244;137;173m▀[49m               [m
[49m                [48;2;0;0;0m [48;2;245;0;0m   [38;2;245;0;0;48;2;250;250;250m▄[48;2;245;0;0m [38;2;213;0;0;48;2;245;0;0m▄[48;2;213;0;0m      [38;2;213;0;0;48;2;187;172;188m▄[48;2;213;0;0m    [48;2;0;0;0m [49m               [m
[49m      [48;2;198;236;252m [38;2;198;236;252;49m▄▄[38;2;254;254;178;49m▄▄▄[38;2;254;249;217;48;2;254;254;178m▄▄▄[48;2;0;0;0m [48;2;245;0;0m   [38;2;213;0;0;48;2;245;0;0m▄▄[48;2;213;0;0m              [48;2;0;0;0m [38;2;254;249;217;48;2;254;249;177m▄▄▄[38;2;254;249;177;49m▄▄▄[49m        [m
[49m     [49;38;2;198;236;252m▀[38;2;254;254;178;48;2;198;236;252m▄[48;2;198;236;252m [38;2;254;249;217;48;2;254;254;178m▄[48;2;254;249;217m [38;2;254;254;178;48;2;254;249;217m▄▄▄[49;38;2;254;254;178m▀[48;2;0;0;0m [38;2;213;0;0;48;2;245;0;0m▄▄[48;2;213;0;0m   [48;2;187;172;188m [38;2;187;172;188;48;2;213;0;0m▄▄[48;2;213;0;0m [38;2;0;0;0;48;2;213;0;0m▄▄▄[48;2;213;0;0m        [48;2;161;0;0m [48;2;0;0;0m [49;38;2;254;249;177m▀[38;2;254;249;177;48;2;254;249;217m▄▄▄[48;2;254;249;217m [38;2;244;137;173;48;2;254;249;177m▄[38;2;254;249;217;48;2;254;249;177m▄[38;2;254;249;177;49m▄[49m     [m
[49m     [48;2;254;254;178m [48;2;254;249;217m [38;2;254;254;178;48;2;254;249;217m▄[49;38;2;254;254;178m▀▀[49m    [48;2;0;0;0m [38;2;0;0;0;48;2;213;0;0m▄▄▄▄[38;2;0;0;0;48;2;187;172;188m▄▄[38;2;134;171;188;48;2;187;172;188m▄[38;2;0;0;0;48;2;213;0;0m▄[48;2;0;0;0m [48;2;239;154;154m [38;2;229;115;115;48;2;239;154;154m▄[48;2;239;154;154m [48;2;0;0;0m [38;2;0;0;0;48;2;213;0;0m▄▄▄▄▄▄[38;2;0;0;0;48;2;161;0;0m▄▄[48;2;0;0;0m [49m    [38;2;244;137;173;48;2;254;249;177m▄[48;2;244;137;173m  [38;2;254;249;217;48;2;244;137;173m▄[38;2;254;254;178;48;2;254;249;177m▄[49m    [m
[49m     [49;38;2;254;254;178m▀[38;2;254;254;178;48;2;251;251;213m▄[48;2;251;251;213m [38;2;251;251;213;48;2;254;254;178m▄▄▄[38;2;254;254;178;49m▄▄▄[38;2;77;76;0;48;2;0;0;0m▄[38;2;252;251;175;48;2;250;250;250m▄▄[48;2;250;250;250m      [38;2;250;250;250;48;2;0;0;0m▄[38;2;0;0;0;48;2;239;154;154m▄▄▄[38;2;250;250;250;48;2;0;0;0m▄[48;2;250;250;250m     [38;2;189;189;189;48;2;250;250;250m▄[38;2;208;208;132;48;2;189;189;189m▄▄[38;2;77;76;0;48;2;0;0;0m▄[38;2;254;254;178;49m▄▄▄[38;2;251;251;213;48;2;254;254;178m▄▄▄[38;2;251;251;213;48;2;244;137;173m▄[38;2;254;254;178;48;2;252;252;137m▄[49;38;2;254;254;178m▀[49m    [m
[49m       [49;38;2;254;254;178m▀▀[38;2;254;254;178;48;2;251;251;213m▄▄▄▄[48;2;251;251;213m [38;2;251;251;213;48;2;38;38;0m▄[38;2;38;38;0;48;2;251;251;213m▄[48;2;251;251;213m [38;2;251;251;213;48;2;252;251;175m▄▄▄▄▄▄[38;2;252;251;175;48;2;250;250;250m▄▄▄▄▄[38;2;251;251;213;48;2;252;251;175m▄▄▄▄[38;2;199;199;160;48;2;252;251;175m▄[38;2;199;199;160;48;2;208;208;132m▄[48;2;199;199;160m [38;2;38;38;0;48;2;199;199;160m▄[38;2;251;251;213;48;2;38;38;0m▄[48;2;251;251;213m [38;2;198;236;252;48;2;251;251;213m▄[38;2;254;254;178;48;2;251;251;213m▄▄▄[49;38;2;254;254;178m▀▀[49m      [m
[49m            [48;2;198;236;252m [38;2;198;236;252;48;2;254;254;178m▄▄[49;38;2;77;76;0m▀[38;2;0;0;0;48;2;252;251;175m▄[38;2;250;250;250;48;2;252;251;175m▄▄▄▄▄[38;2;252;251;175;48;2;251;251;213m▄▄▄▄▄▄▄[38;2;250;250;250;48;2;252;251;175m▄[38;2;189;189;189;48;2;252;251;175m▄[38;2;189;189;189;48;2;208;208;132m▄▄▄[38;2;0;0;0;48;2;208;208;132m▄[49;38;2;77;76;0m▀[49;38;2;254;254;178m▀[38;2;198;236;252;48;2;254;254;178m▄[48;2;198;236;252m  [49;38;2;198;236;252m▀[49m         [m
[49m           [49;38;2;198;236;252m▀▀[48;2;198;236;252m [49m  [49;38;2;0;0;0m▀[38;2;0;0;0;48;2;250;250;250m▄[48;2;250;250;250m  [48;2;243;136;172m [38;2;243;136;172;48;2;250;250;250m▄▄[48;2;250;250;250m   [38;2;189;189;189;48;2;250;250;250m▄▄[48;2;189;189;189m     [38;2;0;0;0;48;2;189;189;189m▄[49;38;2;0;0;0m▀[49m    [49;38;2;198;236;252m▀[49m          [m
[49m                  [49;38;2;0;0;0m▀[49;38;2;179;73;109m▀[38;2;0;0;0;48;2;243;136;172m▄[38;2;179;73;109;48;2;243;136;172m▄[48;2;250;250;250m [38;2;189;189;189;48;2;250;250;250m▄[48;2;189;189;189m     [38;2;0;0;0;48;2;189;189;189m▄▄[49;38;2;0;0;0m▀▀[49m                 [m
[49m                      [49;38;2;0;0;0m▀▀▀▀▀▀▀[49m                     [m